INFO: 2023-11-05 21:22:40,339: Data
INFO: 2023-11-05 21:22:40,365: Data shape (110527, 14)
INFO: 2023-11-05 21:22:40,431: Percentage of women: 0.653882342398853
INFO: 2023-11-05 21:22:40,486: Percentage of men: 0.346117657601147
ERROR: 2023-11-05 21:22:40,545: Data shape is incorrect!
